#######
### CRITERIA LEVEL
#######

COMPOSE: 0.1726 Val loss
acc:  0.9529332469461907
f1:  0.9589741043686207
auroc:  0.9876498495598371
auprc:  0.9891622170458488
acc_pm:  0.0006218865622901193
f1_pm:  0.0005714418662925991
auroc_pm:  0.0003141945234255705
auprc_pm:  0.00041212580765792595

TREEMENT: 0.1585 Val loss
acc:  0.9609833894612433
f1:  0.9661788243232677
auroc:  0.9876874811604271
auprc:  0.9883074554806925
acc_pm:  0.0005792269774704817
f1_pm:  0.0004940052138500128
auroc_pm:  0.00034889345065086674
auprc_pm:  0.00039924358694176654

DEEPENROLL: 0.2587 Val loss
CRITERIA-LEVEL RESULTS:
acc:  0.9039868615598575
f1:  0.91694552680958
auroc:  0.9589226503945025
auprc:  0.9645656109148143
acc_pm:  0.0008549419853379203
f1_pm:  0.0007705781181640003
auroc_pm:  0.0006031896500851563
auprc_pm:  0.0006139913383479412

#######
### TRIAL LEVEL
#######

COMPOSE:
acc:  0.8474757249157463
acc_pm:  0.0010893917063596326

TREEMENT:
acc:  0.8433714838666622
acc_pm:  0.001113539760631721

DEEPENROLL:
acc:  0.7661583636424305
acc_pm:  0.0013101951067854278

#######
### PHASE LEVEL
#######

COMPOSE:
acc1:  0.39723320158102765
acc_pm1:  0.0014940051120303777
acc2:  0.9201608848667672
acc_pm2:  0.0008248310822837612
acc3:  0.8276014499160109
acc_pm3:  0.001096511525801036

TREEMENT:
acc1:  0.4199604743083004
acc_pm1:  0.0015106180240602451
acc2:  0.9082956259426848
acc_pm2:  0.0008865658500233353
acc3:  0.8372380868181416
acc_pm3:  0.0010885907266725003

DEEPENROLL:
acc1:  0.3725296442687747
acc_pm1:  0.0014145597934303034
acc2:  0.8347913524384113
acc_pm2:  0.0011012284061809319
acc3:  0.7195650251967112
acc_pm3:  0.001297676090934341

#######
### DISEASE LEVEL
#######

COMPOSE:
acc_chronic:  0.5938566552901023
acc_pm_chronic:  0.0014303717257730386
acc_oncology:  0.7817028985507246
acc_pm_oncology:  0.0013279056576459003
acc_rare:  0.9414542020774316
acc_pm_rare:  0.0007431014882795517

TREEMENT:
acc_chronic:  0.5733788395904437
acc_pm_chronic:  0.0015285065704066514
acc_oncology:  0.7980072463768116
acc_pm_oncology:  0.0012104879686917758
acc_rare: 0.9446018256216556
acc_pm_rare: 0.0006765608424170177

DEEPENROLL:
acc_chronic:  0.0034129692832764505
acc_pm_chronic:  0.00017327860565456038
acc_oncology:  0.7581521739130435
acc_pm_oncology:  0.0012939085198132028
acc_rare:  0.8646521875983633
acc_pm_rare:  0.0010277459363630115

#######
### DATA STATISTICS
#######

TYPE LENGTHS:
phase1_len:  1012
phase2_len:  9945
phase3_len:  11311
chronic_len:  293
oncology_len:  1104
rare_len:  3177